puma_id,pop,cell_0,cell_1,cell_2,cell_3,cell_4,cell_5,cell_6,cell_7,cell_8,cell_9,cell_10,cell_11,cell_12,cell_13,cell_14,cell_15
__default__,334922503,0.54590019,0.01733785,0.18045844,0.01969979,0.08868247,0.00248489,0.02262385,0.00320044,0.03406015,0.00170388,0.02324336,0.00553656,0.03214259,0.00268016,0.0148142,0.00543118
0100100,185806,0.47979075,0.00628074,0.21236666,0.01091461,0.08845247,0.00112483,0.0302466,0.00196441,0.04684994,0.00095799,0.03745842,0.0076962,0.04104819,0.0008934,0.02858896,0.00536581
0100200,110524,0.6092161,0.00674062,0.14950599,0.00422533,0.07383012,0.00028953,0.02323477,0.00100431,0.04658717,0.0,0.0255872,0.00267815,0.03754841,9.953e-05,0.01600557,0.00344722
0100300,157693,0.50446754,0.00649363,0.20046546,0.00901752,0.08770205,0.00046292,0.02230917,0.00150926,0.0514988,0.00242243,0.03582911,0.00819948,0.03962129,0.00110975,0.02303844,0.00585315
0100401,119356,0.61971748,0.00815208,0.13427059,0.00395456,0.08598646,0.00083783,0.01970575,0.0005027,0.05094842,0.00082945,0.01701632,0.00134891,0.03714099,0.00122323,0.01677335,0.00159188
0100402,166109,0.61885268,0.00736264,0.15967226,0.00718805,0.07443305,0.00019866,0.01460487,0.00058997,0.04341125,0.00141473,0.02999837,0.00119801,0.02359896,0.00190839,0.01085432,0.00471377
0100403,107870,0.56144433,0.00662835,0.16629276,0.00979883,0.10265134,0.00088069,0.02172986,0.00262353,0.0326226,0.00012052,0.03268749,0.0061741,0.03646055,0.00256791,0.01372949,0.00358765
0100501,113038,0.48232453,0.00700649,0.24756277,0.00951008,0.08389214,0.00094658,0.02162105,0.00156585,0.03859764,0.00027424,0.04021656,0.00416674,0.03393549,0.00121198,0.02273572,0.00443214
0100600,125413,0.39428927,0.00540614,0.29870907,0.00609187,0.07507196,0.00067776,0.04014735,0.0026632,0.03952541,0.00226452,0.05914857,0.00486393,0.03895928,0.00158676,0.02820282,0.0023921
0100700,128776,0.44127788,0.00114152,0.24378766,0.00524166,0.09174846,0.00087749,0.0395027,0.00256259,0.04811456,0.00211219,0.04798254,0.00503976,0.03815152,0.00113375,0.02647232,0.00485339
0100800,116227,0.42457432,0.00760581,0.24741239,0.01959958,0.06982027,0.00244349,0.02717957,0.00281346,0.05304275,0.00055065,0.05570134,0.00897382,0.0549356,0.00054204,0.01893708,0.00586783
0100900,153822,0.53213455,0.00601995,0.18449897,0.00665705,0.08622304,0.00079312,0.02636814,0.00032505,0.04642379,0.00147573,0.03711433,0.00390061,0.04237365,0.00161875,0.02260405,0.00146923
0101000,143405,0.44926606,0.00450472,0.23188871,0.00933022,0.08028311,0.0016945,0.03433632,0.00124821,0.05046546,0.00057878,0.05021443,0.00413514,0.0373139,0.00115756,0.0392176,0.00436526
0101100,123150,0.42558668,0.00444986,0.23636216,0.02401949,0.07373934,0.00175396,0.03822168,0.00447422,0.04010556,0.00060089,0.05308161,0.01040195,0.04655298,0.00069834,0.03330897,0.00664231
0101201,101972,0.62757424,0.00113757,0.14869768,0.00387361,0.07137253,0.00012749,0.02043698,0.0005884,0.04930765,0.0002942,0.02390852,0.00236339,0.0355882,0.00037265,0.01288589,0.00147099
0101202,135905,0.47540561,0.01507671,0.27805452,0.03103639,0.0594165,0.00175122,0.02453184,0.00297266,0.02626835,0.00147897,0.03046246,0.00609249,0.02475258,0.00236194,0.01529745,0.00504029
0101301,116716,0.47656705,0.00785668,0.21672264,0.01002433,0.07748723,0.00108811,0.02850509,0.00191919,0.04845094,0.00081394,0.04259056,0.00615168,0.04551218,0.00394976,0.02762261,0.004738
0101401,118296,0.4628897,0.00776019,0.23789477,0.01650098,0.07265673,0.00142017,0.02618854,0.00452255,0.04591871,0.00089606,0.03977311,0.0052749,0.0452509,0.00324609,0.02652668,0.00327991
0101402,127334,0.54335056,0.00616489,0.19820315,0.00880362,0.07940534,0.00040837,0.02287684,0.00239528,0.04943691,0.00120942,0.02444752,0.003267,0.0392354,0.0011623,0.01481929,0.00481411
0101403,187437,0.38517475,0.0133805,0.29692643,0.04119784,0.06053234,0.00296633,0.03514247,0.00531912,0.03049024,0.00088563,0.05196946,0.0137753,0.02206075,0.00259821,0.02496305,0.01261757
0101404,181789,0.65266875,0.00180429,0.14435417,0.00447772,0.08855871,0.00097366,0.01418678,0.00013752,0.02106288,0.00040707,0.01946762,0.0018538,0.02964976,0.00454373,0.01336164,0.0024919
0101501,140984,0.649024,0.00763207,0.11129632,0.00219883,0.10840237,0.00212081,0.01513647,0.00038302,0.03946547,0.00015605,0.0133845,0.00242581,0.03550048,0.0021279,0.00926346,0.00148244
0101502,135320,0.58054242,0.00474431,0.17695093,0.00498818,0.07561336,0.00118977,0.02448271,0.00113065,0.04167159,0.00057641,0.02464529,0.00327372,0.03458469,0.00322938,0.02045522,0.00192137
0101600,133116,0.43540972,0.00501818,0.24673969,0.01334926,0.07396556,0.00175787,0.0352174,0.00364344,0.04848403,0.00291475,0.04260194,0.00559662,0.04639562,0.00058596,0.03164909,0.00667087
0101700,115291,0.4217762,0.01087682,0.25701919,0.02258633,0.07774241,0.00087604,0.02864924,0.00371235,0.04070569,0.00122299,0.05379431,0.00842217,0.03739234,0.00085002,0.02637673,0.00799716
0101801,107223,0.39348834,0.00642586,0.30557809,0.02592727,0.06718708,0.00290982,0.02718633,0.00505489,0.03807952,0.0005316,0.05357992,0.01247867,0.02653349,0.00224765,0.02377288,0.00901859
0101802,106114,0.53434985,0.0056166,0.22453211,0.01373052,0.08456,0.00092354,0.01300488,0.00182822,0.03700737,0.00078218,0.02686733,0.00397686,0.03742202,0.0011874,0.00926362,0.00494751
0101901,102639,0.53811904,0.0063621,0.19742983,0.00530987,0.0849677,0.00132503,0.02136615,0.0004092,0.05501807,0.0006138,0.02227224,0.00406278,0.04470036,0.00069174,0.01308469,0.00426738
0102000,113514,0.39741353,0.00477474,0.26452244,0.01620064,0.07780538,0.00208785,0.04358053,0.0041757,0.04469933,0.00307451,0.04233839,0.00751449,0.04873408,0.00100428,0.03583699,0.00623712
0102101,133247,0.52288607,0.0083379,0.25913529,0.01514481,0.06905972,0.00188372,0.01649568,0.00129084,0.03473999,0.0,0.02855599,0.00436783,0.02275473,0.00059288,0.0115875,0.00316705
0102201,107562,0.48763504,0.01335044,0.24818244,0.01187222,0.05819899,0.00178502,0.0278723,0.00400699,0.05027798,0.00116212,0.03363641,0.00408137,0.0300106,0.00198025,0.01976534,0.00618248
0102300,153140,0.44569675,0.00599451,0.24447564,0.01531279,0.08291759,0.0014823,0.02988115,0.00325193,0.04539637,0.00147577,0.03955857,0.00690218,0.04399243,0.00171738,0.02538853,0.00655609
0102400,104577,0.45107433,0.00597646,0.24710979,0.01851267,0.07894661,0.00053549,0.02768295,0.00299301,0.04546889,0.00135785,0.04556451,0.00799411,0.0386127,0.0016256,0.02297828,0.00356675
0102500,126347,0.40023111,0.0058648,0.28679747,0.01582151,0.07572796,0.00172541,0.03799853,0.0026356,0.03946275,0.00132176,0.0463248,0.00561153,0.03952607,0.00189162,0.03536293,0.00369617
0102600,127407,0.40263094,0.0048192,0.25400488,0.0244963,0.08502673,0.00135,0.04041379,0.00295117,0.04310595,0.00216629,0.0486394,0.00726805,0.04138705,0.00113809,0.03557889,0.00502327
0102701,125232,0.57090839,0.00828063,0.16664271,0.00293855,0.10820717,0.00036732,0.02564041,0.00054299,0.03238789,0.00094225,0.02389166,0.00077456,0.04054076,0.00057493,0.01409384,0.00326594
0102702,121747,0.48636927,0.00705562,0.20662521,0.00362227,0.13075476,0.00126492,0.0358284,0.00063246,0.03384067,0.00073102,0.01862058,0.00091994,0.05592746,0.00127313,0.01554864,0.00098565
0102801,142883,0.50450368,0.00447919,0.23649419,0.00566897,0.07807087,0.00039193,0.02776397,0.00132276,0.04138351,0.0005599,0.02885578,0.00348537,0.03539259,0.00060189,0.02630124,0.00472414
0102802,125561,0.49106012,0.00837043,0.23483406,0.01584887,0.09061731,0.00063714,0.02669619,0.00146542,0.04219463,0.00051768,0.02247513,0.00372727,0.03701786,0.00312199,0.01711519,0.0043007
0102803,144226,0.40720813,0.00599753,0.30970837,0.04255821,0.07799565,0.00224647,0.02917643,0.00498523,0.02841374,0.00042988,0.03037594,0.00839654,0.02747771,0.00153232,0.01686242,0.00663542
0200101,130822,0.61297794,0.01080858,0.1541331,0.01691612,0.06871933,0.00084084,0.0076134,0.0019645,0.04830992,0.00020639,0.02209109,0.00690251,0.03195946,0.00112366,0.01228387,0.00314932
0200102,158358,0.68013615,0.01159398,0.11211306,0.01096882,0.07751424,0.0014082,0.011133,0.00128191,0.0341631,0.00229859,0.01909597,0.001705,0.0262317,0.00043572,0.00717993,0.00274063
0200200,173485,0.59737729,0.00707842,0.14711935,0.01177047,0.08362683,0.00180419,0.01913134,0.00121048,0.04338127,0.00029397,0.02991037,0.00430008,0.03163962,0.00293974,0.0154192,0.00299738
0200300,162931,0.63015632,0.01430667,0.12603495,0.01381566,0.07575599,0.00266984,0.0127109,0.00092677,0.04447281,0.00280487,0.02116233,0.00476889,0.03472636,0.00177989,0.01069778,0.00320995
0200400,110110,0.41909,0.09259831,0.13748978,0.16150213,0.04249387,0.00669331,0.00985378,0.00777404,0.03017891,0.00568522,0.013541,0.01641994,0.02312233,0.00918173,0.0108437,0.01353192
0400101,193980,0.59433447,0.0083256,0.10889267,0.00672234,0.11479018,0.00151562,0.02602846,0.00197959,0.04322611,0.0012424,0.02332199,0.00155686,0.0443654,0.00163419,0.0189401,0.00312403
0400102,144576,0.57279908,0.01022991,0.17159833,0.0101815,0.09316207,0.00151477,0.01884822,0.00213037,0.04121708,8.992e-05,0.01704986,0.00304338,0.03796619,0.00145252,0.01411023,0.00460657
0400103,119703,0.50376348,0.01004987,0.2764843,0.02211306,0.05023266,0.00138677,0.0172928,0.00116956,0.04348262,0.00124475,0.02827832,0.00506253,0.01967369,0.00218875,0.01315756,0.00441927
0400104,108896,0.46381869,0.01154312,0.19734426,0.00735564,0.12245629,0.00321408,0.03914744,0.00476602,0.04030451,0.00140501,0.0266401,0.00230495,0.04923964,0.00450889,0.01969769,0.00625367
0400105,171494,0.71572766,0.00848426,0.11738603,0.0029622,0.06512181,0.0005248,0.01180216,0.00060644,0.03435689,0.0004315,0.00893326,0.00020992,0.02268301,0.00202923,0.00793614,0.00080469
0400106,121873,0.61847169,0.00741756,0.16783865,0.01078172,0.07494687,0.00153438,0.01675515,0.00129643,0.04067349,0.00090258,0.01444947,0.00331493,0.0260435,0.00302774,0.01132326,0.00122258
0400107,128612,0.64838429,0.00773645,0.08895748,0.00311791,0.11779616,0.00271359,0.02804559,0.00045874,0.03190216,0.00115075,0.00762759,0.00108855,0.04295867,0.00461854,0.01195845,0.00148509
0400108,112429,0.64262779,0.0085743,0.14295244,0.00706223,0.0880111,0.0014498,0.01350185,0.00095171,0.04399221,0.00047141,0.01431125,0.00167217,0.02457551,0.00175222,0.00722234,0.00087166
0400109,113780,0.54194059,0.02502197,0.22771137,0.05238179,0.04441905,0.00075584,0.00991387,0.0018984,0.03215855,0.00181051,0.02674459,0.00691686,0.018984,0.00304096,0.00453507,0.00176657
0400110,128332,0.59825297,0.00715332,0.10682449,0.00526759,0.1476327,0.00281302,0.02529377,0.00251691,0.03084188,0.00036624,0.01316897,0.00165197,0.03695103,0.00280522,0.01368326,0.00477667
0400111,112018,0.54683176,0.00531165,0.09719866,0.00258887,0.21001982,0.00216037,0.03009338,0.00133907,0.02676356,0.00016069,0.0087843,0.00109804,0.04909032,0.00353515,0.0118106,0.00321377
0400112,136971,0.63143293,0.00814771,0.07367983,0.0017741,0.18154938,0.00162078,0.02052989,0.00210994,0.02288076,4.38e-05,0.00458491,0.00038694,0.04362967,0.00154047,0.0053588,0.00073008
0400113,104638,0.64126799,0.00901202,0.08253216,0.00808502,0.12983811,0.00325885,0.02301267,0.00227451,0.03312372,0.00045872,0.00959498,0.00270456,0.03853285,0.00157687,0.01386686,0.00086011
0400114,112554,0.55046467,0.0094177,0.192361,0.02099437,0.08679389,0.00187466,0.02422837,0.00089735,0.0332818,0.00075519,0.02018587,0.00558843,0.03405476,0.00293193,0.01241182,0.0037582
0400115,114031,0.51722777,0.01288246,0.2430304,0.01517131,0.06079049,0.00185914,0.01935439,0.00265717,0.03901571,0.00247301,0.02737852,0.01139164,0.02538783,0.00203453,0.01413651,0.00520911
0400116,111450,0.4960341,0.01917452,0.23482279,0.03397039,0.06675639,0.0018035,0.01749664,0.00479139,0.03910274,0.00302378,0.02558995,0.00859578,0.02251234,0.00545536,0.01257066,0.00829969
0400117,109195,0.59547598,0.01396584,0.18433078,0.01289436,0.07784239,0.00211548,0.01864554,0.00364486,0.03012043,0.00118137,0.02077018,0.00396538,0.02045881,0.00175832,0.00819635,0.00463391
0400118,117197,0.47222199,0.02338797,0.30452998,0.03181822,0.03341382,0.00298642,0.01699702,0.00545236,0.02782494,0.00235501,0.0307943,0.01529049,0.01283309,0.00173213,0.00928351,0.00907873
0400119,116389,0.50311456,0.01317994,0.31316533,0.01545679,0.03057849,0.00162386,0.01803435,0.00457947,0.02968494,0.00103103,0.02925534,0.00707111,0.01883339,0.00020621,0.01061956,0.00356563
0400120,108727,0.64889126,0.00539884,0.13049197,0.00439633,0.10285394,0.00121405,0.02053768,0.00132442,0.03037884,0.00121405,0.01207612,0.00062542,0.0280795,0.00131522,0.00933531,0.00186706
0400121,180420,0.54165281,0.01170602,0.28743487,0.01618446,0.03629864,0.00065403,0.01327458,0.00361379,0.03797805,0.00019399,0.0230296,0.00251635,0.01534752,0.00062077,0.00744374,0.00205077
0400122,103628,0.43830818,0.01694523,0.37541012,0.02297642,0.02656618,0.00033775,0.01641448,0.00393716,0.03398695,0.00155363,0.02763732,0.00373451,0.01249662,0.00079129,0.0146775,0.00422666
0400123,119519,0.46058786,0.01475916,0.36294648,0.01800551,0.02955179,0.00100402,0.01002351,0.00167337,0.03953346,0.00199968,0.02842226,0.0068692,0.01544524,0.00022591,0.00794853,0.00100402
0400124,118784,0.44088429,0.01282159,0.33515457,0.01978381,0.03109005,0.00066507,0.01582705,0.0012207,0.04566272,0.00236564,0.04131028,0.01022023,0.02006162,0.00138908,0.01495151,0.0065918
0400125,114430,0.47171196,0.01063532,0.28540593,0.01532815,0.04448134,0.00078651,0.02279123,0.0016604,0.04576597,0.00138076,0.04289085,0.00956043,0.02338548,0.00062921,0.02004719,0.00353928
0400126,130320,0.56721148,0.01058165,0.17753223,0.00951504,0.08774555,0.0020795,0.01694291,0.0049954,0.03693984,0.00241713,0.02166206,0.0010973,0.03821363,0.00313076,0.01666667,0.00326888
0400127,122405,0.56499326,0.00643765,0.17500102,0.00439525,0.09178547,0.00160941,0.02274417,0.00049018,0.04030881,0.00048201,0.02089784,0.00111107,0.04627262,0.00291655,0.0170663,0.00348842
0400128,110545,0.62717445,0.0125017,0.15405491,0.00354607,0.07732598,0.00057895,0.02250667,0.00105839,0.0373513,0.00040707,0.01575829,0.00399837,0.0301868,0.00085938,0.01150663,0.00118504
0400129,145839,0.68391857,0.00774827,0.0960237,0.00390842,0.09784763,0.00213935,0.01497542,0.00078854,0.03477808,0.00093939,0.01198582,0.00022628,0.03246731,0.0022902,0.0076317,0.00233134
0400130,124199,0.30856931,0.00387282,0.12862422,0.00542677,0.25785232,0.00336557,0.06574932,0.00356686,0.03951723,0.00185992,0.02255252,0.00374399,0.10126491,0.00609506,0.03746407,0.01047512
0400131,129700,0.57336931,0.00727833,0.12282961,0.0077872,0.13398612,0.0014495,0.02821897,0.00190439,0.03762529,0.00210486,0.01562837,0.00188897,0.04621434,0.0025212,0.01400154,0.00319198
0400132,169424,0.65680777,0.00735433,0.13218316,0.00222519,0.10072953,0.00108013,0.01517495,0.00021248,0.02997214,0.0002479,0.01070687,0.00034824,0.03245113,0.00227831,0.00668146,0.00154642
0400133,130117,0.60360291,0.00651721,0.21529854,0.00913793,0.04880223,0.00122198,0.01122836,0.0011067,0.05069284,0.00201357,0.02165743,0.00184449,0.01786085,0.00075317,0.00677851,0.00148328
0400134,189852,0.60147905,0.00623644,0.15960854,0.00399785,0.10488696,0.00111139,0.02365,0.00072688,0.03529591,0.0011746,0.01337358,0.0020753,0.03231465,0.00099025,0.01181447,0.00126414
0400135,183340,0.75973056,0.00618523,0.08496782,0.00226355,0.06877932,0.00243809,0.01127959,0.00020727,0.03229519,0.00049635,0.00560707,0.00024545,0.01963565,0.00104723,0.00423803,0.00058362
0400400,102397,0.4394953,0.00427747,0.22477221,0.01775443,0.09862594,0.00204108,0.03703233,0.00143559,0.040968,0.00038087,0.03837026,0.00405285,0.05016749,0.00150395,0.03469828,0.00442396
0400500,144780,0.52968642,0.00605056,0.23108164,0.01575494,0.07434038,0.00114657,0.02179168,0.00133996,0.03626191,0.00033844,0.02975549,0.00616798,0.02759359,0.00093936,0.01535433,0.00239674
0400601,115820,0.34585564,0.00494733,0.24838543,0.00984286,0.11835607,0.00117424,0.05521499,0.00236574,0.04383526,0.00059575,0.05088931,0.00612157,0.05832326,0.00406666,0.04249698,0.00752892
0400602,104620,0.38545211,0.00644236,0.17117186,0.00326897,0.18976295,0.00266679,0.05799082,0.00187345,0.03649398,0.00129994,0.03077805,0.00223667,0.07245269,0.00178742,0.03151405,0.00480788
0400701,111193,0.40238144,0.00766235,0.26751684,0.01331918,0.11205741,0.00066551,0.05200867,0.00480246,0.01963253,0.00044068,0.02365257,0.00143894,0.05786335,0.00072846,0.0306674,0.0051622
0400803,162143,0.52793522,0.00755506,0.14363247,0.00582202,0.12773909,0.00176388,0.02836385,0.00115947,0.05112771,0.00122114,0.0239665,0.00232511,0.05852242,0.00185639,0.01515946,0.00185022
0400805,132620,0.5043734,0.00217162,0.190748,0.01738049,0.11586488,0.00101041,0.0282235,0.00165887,0.03804856,0.0005052,0.0318881,0.00463731,0.03908159,0.00085206,0.02140703,0.002149
0400807,163152,0.52410023,0.00677895,0.20768363,0.01200108,0.0763276,0.00163038,0.02672968,0.00072938,0.05242964,0.00141586,0.02731808,0.00278268,0.03770717,0.00088874,0.01960748,0.00186942
0400900,174378,0.41598711,0.00777048,0.26239549,0.0106034,0.1027882,0.00157703,0.04003945,0.00376768,0.03494133,0.00144514,0.02991203,0.00442143,0.04409387,0.00205301,0.03318079,0.00502357
0401000,173829,0.36724022,0.00660419,0.32908778,0.03541411,0.07453877,0.00150148,0.03774399,0.00391189,0.02629596,0.00027613,0.03743334,0.00874423,0.02742926,0.0012426,0.03500567,0.00753039
0401101,117159,0.46191927,0.00893657,0.27293678,0.01455287,0.0787989,0.00141688,0.03313446,0.00240699,0.02991661,0.00097304,0.0224908,0.00384093,0.03955309,0.00169001,0.02134706,0.00608575
0401901,108990,0.42005689,0.01023947,0.23713185,0.02303881,0.12295623,0.00062391,0.0343059,0.0031379,0.03793009,0.00167905,0.02883751,0.00305533,0.04859161,0.00252317,0.02154326,0.00434902
0401902,143482,0.53078435,0.00857947,0.17182643,0.01536778,0.12277498,0.00199328,0.0310701,0.00074574,0.03122343,0.00077362,0.02267183,0.00286447,0.03970533,0.00309446,0.01446174,0.00206298
0401903,118416,0.50535401,0.005126,0.10968957,0.00271923,0.20239664,0.00170585,0.03090799,0.00133428,0.03716559,0.00058269,0.010404,0.00114849,0.06691663,0.00506688,0.01542866,0.00405351
0401904,109682,0.53821046,0.00549771,0.09455517,0.00256195,0.2045094,0.0023249,0.02902026,0.00115789,0.03022374,0.00053792,0.0121989,0.00020058,0.06041101,0.00552506,0.00851553,0.00454952
0401905,115217,0.57434233,0.00462605,0.11196264,0.00148416,0.14797296,0.00191812,0.02825104,0.00118038,0.0361839,0.0,0.01622156,0.00092,0.05579906,0.00262114,0.01437288,0.00214378
0401906,113837,0.41840526,0.01594385,0.22259898,0.02691568,0.11396119,0.00447131,0.0342068,0.00593832,0.03476023,0.00250358,0.03711447,0.00794118,0.04168241,0.00759858,0.01621617,0.009742
0401907,121363,0.37464466,0.01502929,0.33682424,0.03951781,0.05421751,0.00157379,0.02399413,0.0051416,0.03241515,0.00266144,0.04794707,0.01346374,0.02244506,0.00191986,0.01975067,0.00845398
0401908,113763,0.40074541,0.01852096,0.37408472,0.01979554,0.0381407,0.00292714,0.02777705,0.00431599,0.02883187,0.00234698,0.03126676,0.00762111,0.0175013,0.00100208,0.0182133,0.0069091
0401909,127206,0.51215351,0.00924485,0.21990315,0.01732623,0.0783375,0.00102196,0.02297061,0.00165873,0.04415672,0.00209896,0.02704275,0.00716947,0.03638193,0.00130497,0.01437825,0.0048504
0402502,140822,0.43543622,0.00587266,0.15008308,0.00400506,0.18952294,0.00232918,0.04730795,0.00240729,0.03528568,0.00037636,0.02114016,0.00088054,0.06964111,0.00355768,0.02873131,0.00342276
0402503,104602,0.4010822,0.01139558,0.16297012,0.00515287,0.16657425,0.00517199,0.05736028,0.00174949,0.04216937,0.00140533,0.03777174,0.00430202,0.06226458,0.00169213,0.03621346,0.00272461
0500101,183654,0.6194311,0.00742701,0.16420552,0.00241759,0.0865704,0.00078408,0.02211768,0.00181319,0.02919076,0.00112712,0.01645486,0.00193843,0.03389526,0.0006044,0.01144544,0.00057717
0500102,119891,0.62391672,0.00763193,0.20401865,0.00373673,0.05856153,0.00081741,0.01477175,0.0004087,0.02871775,0.00044207,0.01822489,0.00396193,0.02350468,0.00055884,0.0076653,0.00306111
0500201,145894,0.53550523,0.00703936,0.24955104,0.01662166,0.07233334,0.00025361,0.01924,0.00071285,0.03131726,0.00071285,0.02606687,0.0030296,0.02269456,0.00084993,0.0115015,0.00257036
0500202,111227,0.5446789,0.00454926,0.25653843,0.01076178,0.06147788,0.00053045,0.01600331,0.00060237,0.03281577,0.00132162,0.0290487,0.00587987,0.02238665,0.00062934,0.00922438,0.0035513
0500300,158692,0.3831321,0.0041527,0.25160058,0.00672372,0.10682328,0.00195977,0.04581831,0.00193457,0.04498651,0.00076878,0.0474315,0.00684345,0.05303355,0.00151867,0.03806745,0.00520505
0500400,118106,0.37722046,0.00581681,0.25084246,0.01303913,0.0921291,0.00127005,0.0437319,0.00178653,0.0455015,0.00095677,0.05764313,0.00893265,0.04805006,0.00168493,0.04478181,0.0066127
0500500,113775,0.41340365,0.00653922,0.25413316,0.0113909,0.07296858,0.000167,0.03165898,0.00176664,0.05288508,0.00110745,0.05865085,0.00931663,0.04682927,0.00103713,0.03436607,0.00377939
0500600,148494,0.39361186,0.01270085,0.26419249,0.04631164,0.06132908,0.00121217,0.02950288,0.0028284,0.04434523,0.00203375,0.04835212,0.0175832,0.03661427,0.00094953,0.02653979,0.01189274
0500700,136044,0.4634677,0.00699039,0.26281203,0.0182441,0.06017906,0.00080856,0.02007439,0.00226397,0.04177325,0.00109523,0.04998383,0.00892358,0.02803505,0.00217577,0.02634442,0.00682867
0500800,115256,0.4229628,0.00313216,0.26556535,0.01953911,0.07216978,0.00025161,0.03185084,0.00302804,0.04161172,0.00162248,0.0529864,0.0090581,0.03845353,0.00131013,0.03102658,0.00543139
0500900,203016,0.55149348,0.00626059,0.22148993,0.00650688,0.06161583,0.00060586,0.02023486,0.00235449,0.03855361,0.00101962,0.02951984,0.00450211,0.03317473,0.000862,0.018501,0.00330516
0501000,131236,0.42733701,0.00566156,0.27541985,0.0151178,0.06747386,0.00034289,0.02813252,0.00249169,0.04069005,0.00069341,0.05407053,0.00873998,0.0380612,0.00070103,0.02841446,0.00665214
0501100,207395,0.45775935,0.00472528,0.23663541,0.00754117,0.07182912,0.00154777,0.02870368,0.00118132,0.05150558,0.00139348,0.05575351,0.00878999,0.04146677,0.00246872,0.02488006,0.0038188
0501200,132887,0.39687103,0.00627601,0.28690542,0.01607381,0.07230956,0.00045151,0.03581991,0.00240054,0.03827312,0.00078262,0.05406097,0.01080617,0.03585753,0.00075252,0.03734,0.0050193
0501300,173248,0.41387491,0.00705924,0.23263761,0.00891785,0.10038788,0.00158732,0.03597156,0.00241273,0.05475388,0.00092353,0.04835842,0.00674178,0.04510875,0.00207795,0.03305089,0.00613571
0501400,156102,0.54579698,0.00572702,0.17576328,0.00587436,0.09161318,0.00190901,0.02041614,0.00071748,0.04425312,0.00082638,0.03179331,0.00528501,0.04401609,0.00140293,0.01993568,0.00467002
0501501,201125,0.48801989,0.01079925,0.22022623,0.01656184,0.08241144,0.00109385,0.02303543,0.00191423,0.04362958,0.00214295,0.03931386,0.00649845,0.04148167,0.00248104,0.01682039,0.00356992
0501502,198612,0.48470384,0.00894709,0.24074074,0.03371397,0.08137978,0.00138461,0.02114172,0.00316194,0.03382978,0.00250237,0.02738002,0.00924919,0.0270175,0.00194349,0.01722957,0.00567438
0501600,167701,0.41941909,0.00448417,0.25828707,0.02479413,0.07172885,0.00111508,0.03252217,0.00338102,0.0387535,0.00056052,0.05172897,0.00898623,0.04056028,0.00168753,0.0333868,0.0086046
0501700,127036,0.41245789,0.00918637,0.25949337,0.01442898,0.06900406,0.0006691,0.03934318,0.00300702,0.04434176,0.00196007,0.04874996,0.00857237,0.04243679,0.00207815,0.03474606,0.00952486
0600101,140279,0.57310075,0.04243686,0.10926083,0.06081452,0.09800469,0.004156,0.01571867,0.00489025,0.02388098,0.00285146,0.01467789,0.00792706,0.02400217,0.00387799,0.00739241,0.00700746
0600111,103344,0.52273959,0.06661248,0.15206495,0.04214081,0.04367936,0.00538009,0.02101719,0.01469848,0.02707462,0.00728634,0.0222848,0.01569515,0.01558871,0.00593165,0.01394372,0.02386205
0600112,112271,0.65783684,0.02236553,0.06912738,0.01092001,0.12763759,0.00585191,0.01719055,0.00254741,0.02983852,0.00225348,0.00562924,0.00308183,0.03099643,0.00420411,0.00644868,0.00407051
0600113,121222,0.48069657,0.01721635,0.28572371,0.0294501,0.04959496,0.00259854,0.01229975,0.00603026,0.0343502,0.00306875,0.02926037,0.00949498,0.01799178,0.00075069,0.0128607,0.0086123
0600114,190358,0.614022,0.02218452,0.12080921,0.0078904,0.10157703,0.00443375,0.01677366,0.00512718,0.02999086,0.00484876,0.01566522,0.0033831,0.0332794,0.00299961,0.00997069,0.00704462
0600115,104179,0.61100606,0.01970647,0.14207278,0.00835101,0.09347373,0.00223654,0.02122309,0.00322522,0.03565978,0.00067192,0.01376477,0.0025149,0.02779831,0.00321562,0.01077952,0.00430029
0600116,99454,0.63036178,0.01629899,0.14136184,0.01346351,0.08029843,0.00179983,0.01847085,0.00260422,0.03379452,0.00066362,0.01144248,0.00118648,0.03158244,0.00223219,0.0111911,0.00324773
0600117,103933,0.72816141,0.0068217,0.0747597,0.0054843,0.08883608,0.00094292,0.01904111,0.00134702,0.02581471,0.00024054,0.00721619,0.00136626,0.03148182,0.00141437,0.00437782,0.00269404
0600118,122007,0.68673109,0.01390904,0.10066636,0.00576196,0.09256846,0.0021966,0.0102781,0.000877,0.02267083,0.00076225,0.00996664,0.00207365,0.03264567,0.00177859,0.00979452,0.00731925
0600119,121446,0.74696573,0.01494491,0.05504504,0.00214087,0.09283138,0.00051875,0.01193946,0.00373829,0.02233915,0.00020585,0.00879403,0.00051051,0.02914876,0.0020997,0.00723778,0.00153978
0600120,116256,0.73029349,0.0090576,0.08557838,0.00240848,0.08249897,0.00090318,0.0100984,0.00289017,0.02857487,0.00143648,0.00820603,0.0009978,0.02511698,0.00214182,0.00575454,0.0040428
0600121,115503,0.7317126,0.01288278,0.08099357,0.00502151,0.08826611,0.00168827,0.01436326,0.00319472,0.01941941,0.00083115,0.0073418,0.00049349,0.02269205,0.00198263,0.00587864,0.00323801
0600122,96947,0.62231941,0.00853043,0.15652883,0.00830351,0.07853776,0.00135125,0.01532796,0.00330077,0.03224442,0.00129968,0.01718465,0.00168133,0.03436929,0.00272314,0.01372915,0.00256841
0600123,102291,0.48679747,0.04277991,0.23052859,0.0362984,0.05017059,0.0035487,0.02165391,0.00839761,0.0369925,0.00415481,0.01996266,0.00966849,0.01841804,0.00284483,0.01354958,0.0142339
0600300,192436,0.48752832,0.00622025,0.1536199,0.00489513,0.1447806,0.0017928,0.0332682,0.00153298,0.04437839,0.00088341,0.0256241,0.00280613,0.06223887,0.00168887,0.02439772,0.0043443
0600700,207904,0.45674446,0.00604606,0.25345352,0.01382369,0.09241765,0.0011159,0.02840734,0.00219332,0.03657457,0.000582,0.04405399,0.00463195,0.0359589,0.00241939,0.01668559,0.00489168
0601100,131530,0.4561849,0.00719228,0.2489166,0.01188322,0.0857599,0.00098076,0.03772523,0.00291949,0.0373527,0.0010644,0.0327834,0.00478218,0.04186117,0.00140652,0.0222991,0.00688816
0601301,128305,0.53898913,0.01519816,0.23939831,0.02132419,0.05864931,0.00156658,0.02031098,0.00383461,0.03219672,0.00207318,0.0177156,0.00519855,0.0263123,0.00265773,0.00945404,0.00512061
0601305,144312,0.76401131,0.00839847,0.05114613,0.00207883,0.10776651,0.00152447,0.01156522,0.00014552,0.01672072,0.00072066,0.00281335,0.00015938,0.02824436,0.00115721,0.00259854,0.00094933
0601308,122409,0.57261312,0.01289938,0.18436553,0.01192723,0.0691044,0.00066172,0.0181686,0.00182176,0.04732495,0.00170739,0.02638695,0.00307167,0.03190125,0.00185444,0.01212329,0.00406833
0601309,129197,0.65120707,0.01435792,0.11270386,0.00394746,0.09262599,0.00051859,0.01238419,0.00064243,0.04247003,0.00041023,0.02023267,0.00199695,0.03307352,0.00123068,0.00855283,0.0036456
0601310,140172,0.61703479,0.01341209,0.11790515,0.00392375,0.120345,0.00260394,0.02014668,0.00195474,0.0322461,0.00163371,0.01072967,0.00112005,0.0372899,0.00275376,0.01185686,0.0050438
0601311,120327,0.60564129,0.01423621,0.14304354,0.0066901,0.08464434,0.00407224,0.01900654,0.00084769,0.03802139,0.00088093,0.02517307,0.00201119,0.03675817,0.0048202,0.01042991,0.00372319
0601312,100876,0.64013244,0.00790079,0.05323367,0.00280542,0.18677386,0.00148697,0.01642611,0.00189341,0.0136306,0.00081288,0.00381657,0.00015861,0.04853483,0.00774218,0.01140013,0.00325152
0601313,176539,0.65660279,0.01088145,0.08815616,0.00650281,0.12238089,0.00220348,0.01403089,0.00203921,0.03124522,0.00186361,0.00804921,0.00169368,0.03713627,0.00390282,0.0091991,0.00411241
0601314,102597,0.54476252,0.01427917,0.21577629,0.01532209,0.06702925,0.00029241,0.01280739,0.00032165,0.05061552,0.00087722,0.02133591,0.00519508,0.0333538,0.0012476,0.01166701,0.00511711
0601500,128757,0.46917837,0.00621325,0.18944213,0.01146345,0.11509277,0.00142128,0.03737273,0.00343282,0.03821928,0.00053589,0.03488742,0.00663265,0.05202824,0.00198047,0.02673253,0.0053667
0601700,192543,0.58994614,0.00749443,0.1114712,0.00421205,0.13935069,0.00154251,0.02351682,0.00111144,0.03525966,0.00071672,0.01292179,0.00277341,0.05205071,0.0022904,0.01211158,0.00323045
0601901,144491,0.43299583,0.01149553,0.37582272,0.01423618,0.04270854,0.00060903,0.02193216,0.00376494,0.0279879,0.00083742,0.02394613,0.00332201,0.01920535,0.00213162,0.01465143,0.00435321
0601902,197406,0.58136531,0.01004022,0.16820664,0.00944247,0.08721113,0.00223397,0.02103786,0.00084597,0.04112337,0.00030901,0.0192598,0.00344974,0.03502933,0.00243154,0.01126106,0.00675258
0601903,111859,0.39459498,0.01297169,0.380479,0.02654234,0.03177214,0.00067049,0.02183999,0.00234223,0.03535701,0.00089398,0.03817306,0.01123736,0.02308263,0.00042017,0.01529604,0.00432688
0601904,179486,0.39579689,0.00866363,0.35991108,0.02677089,0.04341843,0.0016603,0.01844712,0.00351559,0.03604181,0.00161015,0.04084998,0.01134907,0.02276501,0.00140401,0.01978984,0.0080062
0601905,114802,0.43328513,0.01048762,0.33936691,0.03283044,0.03614049,0.00146339,0.01748227,0.0027787,0.03503423,0.00249996,0.03023466,0.00777861,0.02149788,0.00201216,0.02119301,0.00591453
0601906,134266,0.63482192,0.00989826,0.15965323,0.00589129,0.07120939,0.00049156,0.01695887,0.00248015,0.03198874,0.00041708,0.01587148,0.00287489,0.0305215,0.00209286,0.01179748,0.0030313
0601907,133803,0.47444377,0.01035851,0.29813233,0.01570219,0.06233044,0.00136768,0.02697996,0.00105379,0.03167343,0.00163673,0.02181565,0.00337063,0.02753301,0.00050074,0.0173165,0.00578462
0602300,134561,0.43524498,0.0064729,0.2410208,0.01462534,0.09606052,0.00229636,0.02918379,0.00245985,0.0391198,0.00205111,0.0553355,0.00741671,0.03919412,0.00156806,0.0212766,0.00667355
0602500,180215,0.4439808,0.00613711,0.33979413,0.0150043,0.04207197,0.00057154,0.02717865,0.00234165,0.02248425,0.00097106,0.03142913,0.00267458,0.02916516,0.0015315,0.02854368,0.00612047
0602903,165582,0.35931442,0.0120001,0.40877632,0.02866858,0.04396613,0.00198089,0.02195891,0.0050549,0.02554022,0.00169704,0.03612712,0.00934884,0.01828701,0.00123202,0.01746567,0.00858185
0602904,111561,0.3741182,0.00769086,0.44432194,0.03006427,0.02465916,0.00051989,0.02228377,0.00247398,0.02235548,0.00052886,0.02736619,0.00473284,0.02006077,0.00032269,0.01512177,0.00337932
0602905,191604,0.44929647,0.00584539,0.28407027,0.02094946,0.06397048,0.00121083,0.02707668,0.0024321,0.04016096,0.00160748,0.03866308,0.00605415,0.0350358,0.00199891,0.01782322,0.00380472
0602906,155984,0.50501975,0.00507744,0.32573213,0.01458483,0.03379834,0.00057698,0.02798364,0.00262206,0.02264976,0.00042312,0.02723997,0.00314135,0.01733511,0.00090394,0.01106524,0.00184634
0602907,111061,0.63167088,0.01133611,0.16501742,0.00891402,0.06864696,0.00183683,0.01331701,0.00145866,0.03308092,0.0013236,0.01594619,0.0013236,0.03210848,0.00170177,0.00993148,0.00238608
0602908,178888,0.57323577,0.00941371,0.23536514,0.01192925,0.05678413,0.00226399,0.01430504,0.00121864,0.03158401,0.00173852,0.02180135,0.00215218,0.0253287,0.00112361,0.01009011,0.00166585
0603100,153467,0.54499664,0.00276933,0.27529697,0.01278451,0.04346863,0.00110773,0.01735878,0.0016616,0.02719803,0.00149218,0.02312549,0.00327758,0.02570585,0.00130321,0.01564506,0.00280842
0603300,158347,0.43847373,0.00557005,0.20947034,0.01090643,0.11371229,0.0012441,0.03400128,0.00181248,0.04124486,0.00101044,0.04194585,0.00784353,0.0517408,0.0016988,0.03014266,0.00918237
0603703,175384,0.51183688,0.01040004,0.26164302,0.01517812,0.05808398,0.00116316,0.0247514,0.00242325,0.03548784,0.00090088,0.029883,0.00783424,0.02420973,0.0009579,0.01289741,0.00234913
0603704,182789,0.5285329,0.01472189,0.26618123,0.01247887,0.05218585,0.00031183,0.02186674,0.00192025,0.03177981,0.00142788,0.02675216,0.00356695,0.02146737,0.00088627,0.01383015,0.00208984
0603705,183283,0.60032845,0.01252162,0.1550171,0.0066782,0.10088224,0.00224789,0.0209894,0.00115123,0.02971361,0.00188779,0.01450216,0.00188233,0.03192877,0.00231336,0.01377651,0.00417933
0603706,140165,0.57642065,0.0117433,0.19141012,0.00721293,0.07807941,0.00273963,0.01760782,0.00305354,0.03061392,0.00082046,0.01994078,0.00206899,0.033696,0.00319623,0.01391931,0.0074769
0603707,143812,0.51250243,0.01158457,0.26482491,0.0159931,0.05941785,0.00299697,0.0198384,0.00202348,0.03244514,0.00076489,0.02481712,0.00172447,0.02731344,0.00166189,0.01843379,0.00365755
0603708,133279,0.52227283,0.01093946,0.23087658,0.01207992,0.07145162,0.00248351,0.02382971,0.00402914,0.02986217,0.00042767,0.022089,0.00348892,0.03231567,0.00243099,0.02020573,0.01121707
0603709,107493,0.6648712,0.00987971,0.07801438,0.00111635,0.13088294,0.00466077,0.02153629,0.0015908,0.02533188,0.0016001,0.00712605,0.00133032,0.03672797,0.00333975,0.01097746,0.00101402
0603710,176989,0.53814079,0.01592189,0.22987304,0.00880846,0.06473284,0.00145207,0.02909785,0.0041867,0.03101888,0.00127127,0.01727791,0.00210183,0.03218844,0.00199447,0.01740221,0.00453136
0603711,160240,0.62603595,0.00655267,0.11492137,0.00516101,0.10779456,0.00257114,0.02222916,0.00180354,0.03657014,0.00053045,0.01203819,0.00152896,0.03960934,0.00386296,0.01361083,0.00517973
0603712,148406,0.48944787,0.00968964,0.29599208,0.01268143,0.05643303,0.00139482,0.02593561,0.00280986,0.02937887,0.00036387,0.0250529,0.00225732,0.02612428,0.0014959,0.01603709,0.00490546
0603713,111068,0.61429935,0.00830122,0.14582058,0.01120035,0.09718371,0.00152159,0.02272482,0.00161163,0.03199842,9.003e-05,0.00956171,0.00245795,0.03704037,0.00146757,0.01259589,0.00212482
0603714,103252,0.56743695,0.00739937,0.1661469,0.00607252,0.121925,0.00133654,0.03818812,0.00406772,0.02084221,0.0005811,0.00940418,0.00093945,0.03546663,0.00030024,0.01691977,0.00297331
0603715,116347,0.5796024,0.00747763,0.18026249,0.0100991,0.08320799,0.00131503,0.02292281,0.00305122,0.0359442,0.00014611,0.01585774,0.00141817,0.03677791,0.00170181,0.01610699,0.0041084
0603716,101138,0.55806917,0.01654175,0.21366845,0.0117661,0.06677016,0.0007119,0.03282644,0.00128537,0.02928672,0.00112717,0.01226048,0.00154245,0.0326188,0.0019775,0.01674939,0.00279816
0603717,187090,0.59811855,0.00890481,0.15738949,0.00756855,0.10177455,0.00159816,0.02802395,0.00210594,0.02019883,0.00201507,0.01297771,0.00096745,0.03990058,0.00192421,0.01263028,0.00390187
0603718,135216,0.58663916,0.01311975,0.16167465,0.02470861,0.08638031,0.00339457,0.02226807,0.00608656,0.02042658,0.00226305,0.01736481,0.00252929,0.02427228,0.00531002,0.01394805,0.00961425
0603719,190690,0.55806807,0.01500865,0.17736641,0.01248099,0.07784362,0.00289475,0.02443232,0.00398553,0.0249882,0.0010226,0.01769888,0.00452043,0.03182128,0.00406943,0.02367717,0.02012166
0603720,118868,0.61416024,0.01541205,0.14761753,0.01019618,0.08348757,0.00214524,0.02007269,0.00431571,0.03034458,0.00031968,0.01426793,0.00226301,0.02574284,0.00208635,0.01335094,0.01421745
0603721,132157,0.53539351,0.02117179,0.24131147,0.01768351,0.05080321,0.00191439,0.01646526,0.0028224,0.02642312,0.00216409,0.02151986,0.00590207,0.02369152,0.00376825,0.01458114,0.01438441
0603722,164507,0.49724936,0.01626071,0.27998809,0.02122706,0.05329864,0.00164127,0.02312364,0.00491165,0.02381054,0.00113065,0.02601105,0.00439495,0.02033956,0.00413356,0.01314838,0.00933091
0603723,137665,0.4590782,0.01210911,0.31402317,0.03233211,0.04625722,0.00162714,0.02539498,0.0035521,0.02893982,0.00092253,0.02612138,0.00411143,0.02182109,0.00057386,0.0157629,0.00737297
0603724,172084,0.58213431,0.00731619,0.17494363,0.0143767,0.08768392,0.00156319,0.02476116,0.00412589,0.02365705,0.0,0.015998,0.00278352,0.03140327,0.00301597,0.01685223,0.00938495
0603725,184983,0.59107053,0.01260116,0.18158966,0.00895217,0.0797749,0.002384,0.02082354,0.00357871,0.02918106,0.0011947,0.01561225,0.0021083,0.03001357,0.00323814,0.0141094,0.00376791
0603728,102984,0.60966752,0.02720811,0.12949584,0.01109881,0.101307,0.00522411,0.02201313,0.01009866,0.02106152,0.00145654,0.00989474,0.00215567,0.02320749,0.00439874,0.01273013,0.00898198
0603730,162791,0.56800437,0.0285028,0.17422339,0.02662924,0.07558157,0.00318814,0.02481095,0.00561456,0.02748923,0.00268442,0.0143374,0.00412799,0.01985982,0.00338471,0.01297369,0.0085877
0603731,106217,0.59144016,0.02621991,0.12701357,0.01736069,0.09628402,0.0029468,0.01869757,0.00478266,0.03075779,0.00118625,0.0133971,0.004359,0.03343156,0.00425544,0.01600497,0.01186251
0603732,172724,0.48717607,0.04807091,0.21557514,0.04550034,0.04983094,0.00310901,0.02222621,0.01221023,0.02484889,0.00562169,0.02255043,0.00952965,0.01654663,0.00293532,0.01634399,0.01792455
0603733,111073,0.39004979,0.0507414,0.30260279,0.09764749,0.03122271,0.00375429,0.02464145,0.01119984,0.01957271,0.00282697,0.01936564,0.01043458,0.01135289,0.00331314,0.00939022,0.01188408
0603734,196741,0.44390849,0.03682506,0.24419923,0.07956145,0.04370721,0.00336483,0.02044312,0.01567543,0.02396044,0.00338516,0.02296928,0.01124829,0.01872513,0.00265323,0.01434881,0.01502483
0603735,181124,0.56554626,0.01466951,0.17996511,0.02059915,0.06907423,0.00281575,0.02628586,0.00663634,0.0279201,0.00189925,0.01765641,0.00496897,0.03657163,0.00157351,0.01468055,0.00913739
0603736,113380,0.61313283,0.01405892,0.15384548,0.00754983,0.08208679,0.00225789,0.03222791,0.0032369,0.02596578,0.00086435,0.00994002,0.00119951,0.03243076,0.0020815,0.01098959,0.00813195
0603737,122703,0.46297157,0.01607948,0.24588641,0.02233034,0.09605307,0.00320286,0.04338117,0.00991011,0.01872815,0.00119801,0.0117927,0.00368369,0.03317767,0.00222488,0.01924158,0.0101383
0603738,123393,0.4503659,0.01120809,0.31464508,0.02416669,0.05938749,0.00147496,0.02896437,0.00765035,0.02744078,0.00056729,0.02005786,0.00324167,0.02197856,0.00122373,0.01967697,0.00795021
0603739,169641,0.59638884,0.01479595,0.16863258,0.00872431,0.08911761,0.00227539,0.02750514,0.00348383,0.02499396,0.000224,0.01139465,0.00211034,0.03131318,0.00149138,0.01101738,0.00653144
0603740,124820,0.53483416,0.01547028,0.20802756,0.01224163,0.07590931,0.0019468,0.03727768,0.00663355,0.02904182,0.00091332,0.0129146,0.00293222,0.03780644,0.00145009,0.01571863,0.00688191
0603741,129044,0.43516165,0.01642076,0.37213664,0.0159868,0.04150522,0.00071294,0.02664982,0.00381265,0.02114008,0.00211556,0.0247745,0.00292923,0.01390998,0.00120889,0.01561483,0.00592046
0603742,124850,0.43171005,0.01190228,0.35607529,0.03846215,0.03219063,0.00253104,0.01745294,0.00580697,0.02708851,0.00113736,0.02343612,0.00629555,0.01931918,0.00111334,0.01690829,0.00857028
0603743,108742,0.46791488,0.01317798,0.32773905,0.01966122,0.03616818,0.00202314,0.024388,0.00883743,0.03112873,0.00107594,0.02199702,0.002814,0.01832779,0.00112192,0.01569771,0.00792702
0603744,187535,0.44470099,0.02707761,0.27764951,0.05347802,0.02877863,0.00344469,0.02476338,0.01549577,0.02071613,0.00335937,0.03014904,0.01688751,0.01196577,0.00160503,0.01417335,0.02575519
0603745,118265,0.34681436,0.01948167,0.42374329,0.05762483,0.02230584,0.00080328,0.01722403,0.00246903,0.03124339,0.00366127,0.0307276,0.00713652,0.01166025,0.00063417,0.01772291,0.00674756
0603746,106834,0.41674935,0.02100455,0.29582343,0.0759496,0.03963158,0.0012262,0.02096711,0.00920119,0.02160361,0.00324803,0.0366082,0.01104517,0.01426512,0.00210607,0.0184211,0.01214969
0603747,160020,0.4875703,0.02213473,0.24417573,0.03122735,0.06029871,0.00323085,0.02623422,0.00341207,0.02980877,0.0028059,0.02534058,0.00736783,0.02538433,0.00414323,0.01888514,0.00798025
0603748,183017,0.64472153,0.01423365,0.12118,0.01326106,0.09525345,0.0020927,0.0201566,0.00262817,0.02529273,0.00066114,0.01005917,0.00468263,0.0276477,0.00286312,0.00969855,0.00556779
0603750,181942,0.43126931,0.02417254,0.29945257,0.04161766,0.0323125,0.00351211,0.0176155,0.00570511,0.03489024,0.00586451,0.03601697,0.00986029,0.02901474,0.00350661,0.01790681,0.00728254
